42 50 2
5.5923 3.8885 2.252 1.8641 2.0558 1.9623 2.4707 1.813 2.3137 2.842 2.8911 2.8911 2.1452 3.1403 3.0799 3.8885 4.3878 4.2685 4.3878 4.8066 4.2685 3.7408 3.9246 6.7768 8.2857 8.1312 7.8671 6.7907 6.8114 8.9714 10.169 10.02 11.674 12.123 12.61 11.524 11.968 13.081 11.825 12.966 13.252 14.585 15.835 16.936 18.177 20.023 21.821 22.161 22.203 21.784 
1 0 
4.9129 4.6071 4.0308 4.7278 4.9982 5.5247 4.7968 4.2131 3.6001 3.44 2.3539 2.4707 1.8891 2.7066 2.9554 1.9861 1.6503 1.9623 2.741 3.7408 3.44 2.842 4.9982 5.1827 6.3252 7.873 8.8873 10.415 11.36 11.738 12.805 13.495 14.498 15.8 17.621 18.167 19.239 19.884 21.34 20.533 18.847 16.068 16.412 18.339 18.216 18.167 18.958 19.512 20.452 22.209 
1 0 
5.3521 6.6721 7.9561 9.2447 8.3309 7.5192 6.3843 4.4304 2.7751 3.0183 3.4263 3.2142 2.5456 2.654 2.3339 2.4707 3.0338 3.44 3.7156 3.9957 3.7533 3.8885 4.787 7.2586 9.7731 10.62 11.814 10.523 11.507 10.831 13.305 14.074 14.916 17.145 17.623 17.756 19.733 20.841 21.566 20.168 18.187 17.711 19.52 19.823 20.551 21.243 21.393 21.311 21.724 22.171 
1 0 
5.128 3.7907 3.0799 2.4897 2.0558 1.9623 1.8891 2.8911 3.0799 4.2131 5.5247 6.749 8.3591 8.5204 9.163 11.032 10.302 10.9 11.909 13.956 14.364 13.828 15.122 16.314 16.549 16.463 16.112 14.668 16.314 14.678 17.235 15.129 16.047 16.651 18.522 19.414 21.572 22.19 21.905 21.913 22.773 22.587 20.871 18.787 15.829 14.404 13.77 13.404 12.262 11.524 
1 0 
5.3608 6.4937 6.4502 7.0017 7.0285 7.0151 6.4137 4.8455 1.9861 2.6892 2.8087 2.4897 2.6716 2.0558 1.5626 1.813 1.8891 3.2142 4.3013 5.766 6.9681 7.8132 7.4627 8.8555 9.7971 10.37 11.987 12.445 14.894 14.954 15.28 16.463 16.245 15.366 13.899 12.962 14.22 14.14 15.344 16.52 17.068 19.133 20.342 21.57 23.293 24.197 24.823 25.131 25.111 24.679 
1 0 
5.5077 4.9129 5.7333 6.0443 6.9411 7.1082 6.7281 5.5247 4.9982 3.7907 3.5475 4.4304 4.5866 4.2685 3.3571 3.0338 3.0492 2.654 2.4707 3.9957 3.587 4.3556 5.9424 7.5752 7.8072 9.5002 10.02 11.343 12.658 12.361 13.034 14.805 16.34 17.919 19.003 19.03 19.771 19.771 20.286 22.564 22.222 22.837 22.323 20.191 19.089 19.541 20.76 21.903 22.285 23.456 
1 0 
5.8227 5.6007 6.1673 7.4753 8.6081 8.0383 7.5565 5.2547 4.3664 3.1848 3.1403 3.1552 2.252 2.5456 2.0558 2.6363 4.334 6.1445 7.5192 8.4651 9.6959 9.6181 10.293 10.532 10.283 12.358 13.502 14.566 14.742 14.805 14.668 16.36 16.529 17.777 17.788 14.157 13.533 15.463 16.701 16.757 15.965 16.126 16.28 17.23 18.428 19.365 20.823 21.356 21.208 23.035 
1 0 
5.7333 5.0263 5.4563 6.7768 5.8948 7.0485 5.9818 6.1061 5.2992 5.2814 5.5671 6.0676 5.5923 6.3548 7.0084 6.9546 7.4122 6.9546 7.0818 8.05 8.6081 9.4457 10.545 11.601 11.066 11.54 11.507 11.889 11.936 11.734 12.239 11.686 11.343 11.686 11.413 12.077 11.256 11.235 11.666 11.841 12.158 11.75 12.262 11.092 12.135 11.94 12.123 12.554 12.448 12.926 
0 0 
5.7087 6.1138 6.083 4.9224 4.7575 3.5209 4.5144 3.0799 3.4672 3.0338 3.4942 4.3448 4.8455 5.4649 5.4391 5.7578 6.1597 6.9479 6.9208 7.5192 7.3868 7.9088 7.8551 8.882 8.882 9.5199 10.076 10.536 10.478 9.623 10.478 10.523 11.877 12.089 11.924 12.05 12.713 12.266 12.208 12.658 13.502 13.609 14.144 13.94 13.98 14.465 13.835 13.574 13.97 14.124 
0 0 
5.8869 6.5656 6.756 6.2955 7.2392 5.6508 3.587 2.9234 3.4807 2.7581 3.5739 3.0338 2.231 2.6363 3.4263 4.1683 4.3985 4.6879 5.6674 6.472 7.0685 7.3932 8.4651 9.5936 9.6959 10.001 11.893 11.873 11.698 12.201 12.479 12.758 12.717 12.143 11.446 11.347 11.734 12.632 13.933 13.845 14.01 13.498 13.889 13.337 13.149 13.095 13.181 13.574 13.879 14.472 
0 0 
5.8629 4.9982 3.8154 4.1001 4.7575 4.1907 3.639 3.7156 4.9224 4.1795 3.9365 4.3122 4.7079 5.5502 5.1827 6.175 7.0485 7.2327 8.5039 8.5699 8.7381 9.4008 9.1374 9.6814 10.536 11.037 11.327 11.327 10.986 11.376 10.496 11.155 11.829 12.208 13.291 12.937 13.99 13.657 13.791 13.612 13.259 13.446 12.743 13.195 13.602 13.753 13.585 13.753 13.571 13.886 
0 0 
5.6591 7.1805 6.3178 5.8869 5.2814 5.4131 5.6342 6.5513 6.9681 6.5585 5.5332 5.9028 4.9224 4.1683 4.504 4.0308 4.1683 3.9365 4.2904 5.1827 5.4304 6.228 6.8936 7.4627 7.5937 7.5067 8.3027 8.2744 9.265 9.9728 10.567 10.581 10.279 10.708 10.713 10.442 11.105 10.302 10.536 11.193 12.422 12.654 12.702 12.662 13.149 12.297 12.58 12.262 12.414 12.636 
0 0 
5.7251 6.472 4.787 5.4304 4.4726 3.1995 3.6775 3.371 4.0308 4.2685 3.9957 4.5969 6.0443 6.0443 6.5082 6.7768 7.2262 7.8372 8.2516 8.4596 8.8555 10.247 10.15 11.037 11.503 11.389 11.845 11.932 11.889 11.714 11.335 10.9 11.524 11.94 11.714 11.413 11.806 12.262 11.94 12.78 12.654 12.239 12.239 12.944 12.509 12.831 12.569 12.266 12.266 12.838 
0 0 
5.9266 6.5799 6.3252 6.3475 5.6425 5.1097 4.9129 5.0728 5.3608 5.3168 5.2814 5.7251 5.5332 5.3521 6.1445 5.9818 6.756 6.6368 6.6368 6.995 6.914 7.6369 7.5441 8.4206 8.5094 8.3478 9.4457 9.6814 9.8258 9.1988 9.4357 9.5397 9.9256 9.7442 10.589 10.665 11.306 10.968 11.079 10.442 10.415 9.987 10.665 11.734 11.335 11.172 11.536 11.491 11.092 11.706 
0 0 
10.136 9.7152 9.8114 10.242 9.4357 9.8449 9.6571 10.572 10.691 11.092 11.058 10.21 11.054 10.21 10.206 10.297 10.388 9.9493 9.623 8.6408 8.5369 8.5204 8.5149 8.7863 9.3105 9.3256 8.9714 9.5888 9.2802 9.1784 9.3004 9.9587 9.4008 9.4655 9.2039 9.3608 9.3908 9.6425 9.8306 9.6814 9.2802 8.7219 8.8502 9.0962 8.5424 9.3206 8.5424 9.1886 8.9923 8.7166 
0 0 
10.192 9.8544 9.4457 10.001 10.274 10.695 11.007 11.075 12.323 13.386 13.889 14.12 13.421 13.404 12.216 12.669 11.589 11.347 10.643 10.146 9.2852 8.9137 7.9738 7.4627 7.9147 7.9147 7.3166 9.1477 8.6842 8.8926 8.9084 8.8926 9.9964 9.7586 9.1116 8.6842 8.4817 8.4983 7.9088 8.3366 9.0962 9.515 9.163 8.1888 8.813 8.7166 9.2243 8.9923 9.0807 9.3256 
0 0 
10.261 10.934 11.054 11.054 11.147 11.762 10.554 9.7394 9.8114 9.0962 8.6679 8.5972 8.7004 8.5259 8.9714 9.1322 9.2802 9.8544 9.1374 10.024 9.8162 9.9114 10.761 9.5397 9.7152 10.713 10.173 9.9493 10.589 10.704 10.567 9.6716 10.006 10.039 10.406 9.5839 9.7586 9.7056 9.3004 9.8544 9.5888 9.6425 9.5888 9.0651 9.3457 9.2802 9.2447 9.0962 9.4804 9.3758 
0 0 
10.122 9.8162 9.8544 9.6959 9.9587 9.5199 9.4008 9.2751 10.048 10.01 10.229 9.8306 11.714 13.238 11.172 10.487 10.93 10.071 10.713 10.053 9.8306 10.02 10.048 10.279 10.247 9.9256 9.5101 9.8114 9.3507 9.8114 9.2294 9.1937 9.8497 8.9347 8.7273 8.7273 9.4655 7.7649 7.885 8.0907 7.9738 8.3196 8.3759 8.3703 8.137 9.0184 8.9031 8.8978 8.8502 9.3457 
0 0 
11.833 12.003 10.938 9.1988 9.3658 10.943 9.623 9.1988 9.0288 9.1168 9.163 9.4655 10.164 10.865 10.783 9.6376 9.9256 9.3507 9.0184 9.8449 9.5495 9.0496 9.5199 9.1013 8.7649 9.6716 9.3507 9.3004 9.6425 9.9493 9.2447 9.4854 9.1886 10.187 9.5839 9.987 10.265 9.5888 9.2345 10.006 8.8077 9.0962 9.6716 9.1784 9.265 9.5888 9.6619 10.415 11.426 10.839 
0 0 
10.388 11.272 11.109 11.339 11.905 12.602 12.747 13.309 13.94 13.97 12.471 12.185 12.373 11.893 10.206 9.8972 10.024 9.2396 8.3196 8.0208 8.6354 8.1139 8.3871 7.5937 7.9561 7.4753 7.9325 8.2231 8.5039 8.9347 8.9084 9.5936 9.9114 10.415 11.421 11.343 10.7 11.02 10.374 10.625 10.865 9.9681 9.5002 9.8544 8.7219 8.2345 8.0733 8.2857 9.5051 9.5199 
0 0 
10.616 11.686 11.971 10.765 11.409 12.893 13.477 12.857 13.11 12.728 11.479 10.567 10.099 8.9137 8.2687 8.0442 9.0807 9.3256 9.3206 8.9976 8.5259 7.8491 8.4262 8.9714 10.024 9.8114 9.4158 9.6132 8.4095 8.1773 7.4941 6.9681 7.7042 8.0032 7.7589 8.7649 8.5259 8.0907 8.2857 9.1477 8.7863 8.9505 9.1116 8.9137 8.4762 8.8873 9.7586 9.5446 9.3206 8.9347 
0 0 
10.122 9.6522 9.4606 9.27 9.6522 8.9714 9.4258 9.1425 9.5888 9.3206 9.7442 9.3608 8.9347 8.7327 9.7007 9.0962 9.3206 9.4606 9.4606 9.6522 8.8502 9.1886 10.039 9.3206 9.2751 9.0288 9.034 9.5642 9.2396 9.6522 9.6522 9.5642 9.2396 10.048 9.4606 9.3206 9.987 9.4606 9.27 9.5642 9.6181 9.5051 9.8925 9.2751 8.9714 9.1374 10.219 9.8877 10.315 9.2396 
0 0 
10.122 9.7007 9.5051 9.6522 9.0807 9.8877 9.4606 9.5199 9.9304 9.2396 9.7442 9.2396 9.6522 9.5199 9.0807 9.5642 9.4854 9.9304 9.3206 9.6522 8.6734 9.9445 9.4606 9.2751 10.37 9.1374 8.9976 9.6522 9.6668 9.5593 9.2243 9.6959 9.0962 9.1425 9.5051 9.8925 9.6425 9.4457 10.048 9.9445 9.6522 9.3206 9.8877 9.8877 9.6959 9.3206 9.7007 9.5051 9.2243 9.2243 
0 0 
10.039 9.4606 9.27 8.7595 9.0962 9.5199 8.7595 9.6181 9.5985 10.37 9.5642 9.987 8.8502 9.8162 9.3206 9.9304 9.3457 9.6522 9.9114 9.2751 9.6522 9.2751 9.27 9.9822 9.4258 9.9304 9.623 9.6522 9.5051 9.034 9.4606 9.7007 9.0392 9.4606 9.3206 8.8978 8.9976 9.7007 9.0962 9.5051 9.6181 9.9304 9.5051 9.4258 9.3858 9.2751 9.2751 9.9304 9.2751 9.6668 
0 0 
10.095 9.27 9.4854 9.4606 9.8877 9.4208 9.0807 9.7683 9.6522 8.9923 8.7595 9.3206 9.6522 9.7007 9.3457 9.4208 9.6959 9.2243 9.1425 9.0962 9.7442 9.749 9.3206 9.8114 9.7442 9.2243 9.6181 9.8925 9.3206 9.8497 9.3457 9.2396 9.5199 9.4606 9.2751 9.5051 9.3206 10.081 9.1477 9.034 9.4407 9.7007 9.6959 9.4208 9.4258 9.5199 9.06 8.8502 9.0962 9.6425 
0 0 
10.053 9.2751 9.7007 9.9445 9.5199 9.4606 9.4854 9.4606 10.02 9.5051 8.1888 10.136 9.4606 9.4606 9.6959 9.0807 9.4606 9.2751 8.797 9.7007 9.5642 8.9557 9.6959 9.8162 9.5593 9.5642 10.169 9.9822 9.4208 9.4606 9.265 9.4457 9.8162 9.4606 9.7442 8.813 9.27 8.813 9.7007 8.9923 9.8114 9.2243 9.5199 9.4208 10.169 9.4606 9.6522 9.7007 9.5642 9.6668 
0 0 
10.169 9.5642 9.6959 9.5199 8.8502 9.27 9.4606 9.8497 10.169 9.1886 9.5199 9.2802 9.1425 8.9923 9.7007 9.6959 8.8502 9.4655 9.034 9.3206 9.5593 9.5642 9.8162 9.579 9.3908 9.2243 9.2751 9.4258 9.2751 9.2243 9.0807 9.4258 8.9557 9.27 9.3206 9.6522 9.9304 9.4606 8.797 9.2243 9.4606 9.2396 9.6959 9.3457 9.3206 9.4606 9.3206 9.2751 9.7442 9.2751 
0 0 
10.219 9.4258 9.06 9.3206 9.8162 8.9976 9.7007 9.06 9.2243 9.7442 9.3206 8.6081 9.2243 9.2751 9.5888 9.3858 9.3206 9.1425 9.4606 9.4208 9.5199 9.3206 9.034 9.5199 9.27 9.5642 9.8162 9.9304 9.5051 9.3206 9.5642 9.8544 9.5051 9.6522 9.2751 9.0962 9.6522 9.2243 9.7007 9.4606 9.5199 9.7442 9.5051 9.27 9.4606 9.9114 8.8502 9.6522 9.2751 9.6959 
0 0 
4.9605 4.0772 3.8885 3.5209 2.5456 1.8641 2.5456 2.231 1.9382 1.8641 3.8154 4.8455 7.469 8.5424 8.9031 10.487 10.99 10.496 10.73 10.113 11.778 13.896 15.644 17.121 19.816 23.937 27.467 30.133 32.97 34.292 34.049 30.041 26.3 25.51 24.946 24.185 24.394 24.938 26.245 25.467 23.858 19.121 15.029 10.279 6.8114 3.984 6.0907 6.5585 7.2586 6.5799 
0 0 
4.6779 3.329 1.3358 1.3705 1.5626 2.8748 3.371 2.9712 1.5013 1.9382 3.7156 4.8841 6.88 9.9634 15.252 19.57 20.434 16.844 13.64 11.222 12.17 19.025 28.216 33.063 33.485 36.314 36.15 34.386 31.783 30.031 28.35 25.855 24.633 24.158 24.127 22.612 20.965 17.23 12.966 9.1477 6.4283 5.128 6.6438 8.4817 8.781 7.8671 6.6791 5.8549 4.5661 3.44 
0 0 
5.5247 4.2685 3.7408 3.0799 1.6785 0.5308 0.91937 1.5626 1.2258 2.1452 4.441 5.7741 5.4304 5.9028 6.258 8.4983 9.6181 11.256 13.943 14.64 14.878 14.154 14.524 13.94 17.597 23.341 28.435 31.617 32.805 32.114 31.161 29.658 29.889 29.233 29.398 27.321 25.788 25.51 23.874 21.639 19.348 15.402 11.18 7.7831 5.3168 5.9503 6.8595 8.3591 8.5863 6.7281 
0 0 
5.8869 5.2457 4.3013 3.587 2.9554 2.7066 1.5626 1.0164 1.0164 0.91937 1.2636 1.5924 1.7869 2.792 4.2131 5.9503 8.0032 11.964 16.605 19.721 17.471 16.495 12.747 9.4008 9.4258 16.147 28.575 33.456 33.452 36.158 38.186 36.117 31.17 28.781 27.813 26.551 24.421 22.161 21.101 19.988 21.103 20.07 16.546 12.55 8.5369 5.5586 4.7968 6.4064 8.2573 9.1065 
0 0 
4.123 2.3935 1.6503 0.91937 1.3002 1.6785 2.0558 1.813 2.9073 3.9484 4.4621 5.9818 7.6859 9.9681 14.01 18.29 18.436 18.298 16.478 14.417 11.71 12.835 17.06 24.08 28.044 29.438 33.321 35.108 35.216 33.946 30.849 27.323 23.884 22.976 21.793 21.883 21.5 20.07 17.814 13.913 10.192 7.0818 4.8261 4.9129 6.8389 7.9147 7.5937 6.5298 5.3608 4.1343 
0 0 
5.7333 5.1372 3.8154 2.7581 2.654 1.6503 1.5626 1.7605 1.5626 1.9623 2.252 2.654 3.3148 4.6071 5.6839 7.6369 11.794 16.869 19.153 17.666 15.249 14.328 12.602 12.471 16.704 24.931 33.394 34.903 36.219 37.464 36.762 30.069 26.93 25.757 24.762 24.833 24.204 23.335 21.415 19.913 16.966 14.09 10.37 7.5192 5.5162 5.6591 7.2844 8.3309 7.8491 7.0485 
0 0 
5.6674 4.8552 4.6477 3.5475 3.6001 2.3539 2.2933 1.6785 1.5323 1.2636 2.2099 2.3935 2.7581 2.5085 3.9957 6.1138 9.1937 13.034 18.021 18.318 17.134 14.869 13.477 12.369 14.507 21.776 31.32 32.894 31.743 32.917 34.939 31.088 28.39 27.617 27.569 25.347 22.861 20.742 18.272 17.241 16.378 15.903 14.01 10.774 7.2132 4.3771 3.0799 3.8885 4.2131 5.6674 
0 0 
45.555 9.8162 5.7578 12.185 11.159 13.4 13.733 11.774 10.306 8.5204 9.1116 8.9084 9.3608 8.9714 8.8023 9.579 9.5888 9.6668 9.2243 9.7683 9.8306 9.0962 9.4854 9.8162 9.1886 9.8735 9.5985 9.4457 9.5347 9.5347 9.2751 10.192 10.32 10.424 9.5347 10.057 9.9445 10.024 9.8114 9.5495 9.6619 9.5985 9.4457 9.5347 9.5347 9.2751 10.192 10.32 10.424 9.5347 
0 1 
78.54 10.603 41.829 9.5249 6.914 12.602 11.81 13.96 12.813 10.155 10.187 9.7007 8.9242 9.034 7.3741 8.1831 9.1219 9.3608 9.1988 9.7007 9.7007 9.4606 9.8114 9.6425 9.3457 8.5534 9.5985 9.4457 9.5347 9.5347 9.2751 10.192 10.32 10.424 9.5347 10.057 9.9445 10.024 9.8114 9.5495 9.6619 9.5985 9.4457 9.5347 9.5347 9.2751 10.192 10.32 10.424 9.5347 
0 1 
103.66 57.429 18.995 65.817 9.7779 14.537 2.231 12.139 18.431 16.274 8.5479 8.5149 9.9114 8.9557 10.343 11.77 9.5985 9.8497 9.5888 9.27 9.5642 9.5839 9.2953 9.4357 9.1065 9.3054 9.5985 9.4457 9.5347 9.5347 9.2751 10.192 10.32 10.424 9.5347 10.057 9.9445 10.024 9.8114 9.5495 9.6619 9.5985 9.4457 9.5347 9.5347 9.2751 10.192 10.32 10.424 9.5347 
0 1 
61.888 27.659 40.514 8.5479 14.074 13.879 12.791 11.573 10.411 8.7649 8.5534 9.3407 9.3256 9.2953 9.4407 9.3507 9.7827 9.0184 8.5534 9.3054 8.797 9.0496 9.7152 9.6425 9.8306 9.5495 9.5985 9.4457 9.5347 9.5347 9.2751 10.192 10.32 10.424 9.5347 10.057 9.9445 10.024 9.8114 9.5495 9.6619 9.5985 9.4457 9.5347 9.5347 9.2751 10.192 10.32 10.424 9.5347 
0 1 
61.996 13.163 36.899 12.104 14.764 13.821 9.7827 9.5199 9.0807 10.057 9.4457 9.5985 9.4457 9.5347 9.5347 9.2751 10.192 10.32 10.424 9.5347 10.057 9.9445 10.024 9.8114 9.5495 9.6619 9.5985 9.4457 9.5347 9.5347 9.2751 10.192 10.32 10.424 9.5347 10.057 9.9445 10.024 9.8114 9.5495 9.6619 9.5985 9.4457 9.5347 9.5347 9.2751 10.192 10.32 10.424 9.5347 
0 1 
55.548 19.258 46.866 14.064 7.7407 16.88 13.983 12.572 11.003 10.306 7.9502 10.15 9.4804 9.1168 8.9819 9.3758 9.5985 9.0184 9.7827 9.883 9.0962 9.7394 10.01 9.8877 9.6376 10.15 9.5985 9.4457 9.5347 9.5347 9.2751 10.192 10.32 10.424 9.5347 10.057 9.9445 10.024 9.8114 9.5495 9.6619 9.5985 9.4457 9.5347 9.5347 9.2751 10.192 10.32 10.424 9.5347 
0 1 
54.965 53.403 22.491 7.3166 17.244 16.586 12.057 10.77 9.6181 8.9347 8.797 9.06 8.9819 8.8608 8.8449 9.06 9.7971 9.821 9.0703 9.7394 9.6132 9.4854 10.043 9.8877 9.6619 9.6376 9.5985 9.4457 9.5347 9.5347 9.2751 10.192 10.32 10.424 9.5347 10.057 9.9445 10.024 9.8114 9.5495 9.6619 9.5985 9.4457 9.5347 9.5347 9.2751 10.192 10.32 10.424 9.5347 
0 1 
